# Data from SSDC cosmic rays database www.ssdc.asi.it 
# File generated today 20241220 
# Errors may contain statistic and systematic depending on the options set when drawing the graph 
# Fluxes are multiplied by a power of Energy (or Rigidity) if the option is set when drawing the graph 
# Horizontal errors usually are not uncertanties of the measurement but correspond to binning. See publication. 
#
# GraphTitle: Si AMS-02 PRL (2020); 2011-05-19 00:00:00.0,2018-05-26 00:00:00.0; 
# XLabel: rigidity (GV) 
# YLabel: flux ((m^{2} s sr GV)^{-1}) 
#
# Columns: X, XErrorLow, XErrorHigh, Y, YErrorLow, YErrorHigh 
2.275000e+00  0.000000e+00 0.000000e+00  2.172000e-01  1.386110e-02 1.386110e-02 
2.535000e+00  0.000000e+00 0.000000e+00  2.012000e-01  9.563472e-03 9.563472e-03 
2.820000e+00  0.000000e+00 0.000000e+00  1.826000e-01  7.653104e-03 7.653104e-03 
3.130000e+00  0.000000e+00 0.000000e+00  1.635000e-01  6.648308e-03 6.648308e-03 
3.465000e+00  0.000000e+00 0.000000e+00  1.454000e-01  5.731492e-03 5.731492e-03 
3.830000e+00  0.000000e+00 0.000000e+00  1.263000e-01  4.925444e-03 4.925444e-03 
4.225000e+00  0.000000e+00 0.000000e+00  1.085000e-01  4.119466e-03 4.119466e-03 
4.655000e+00  0.000000e+00 0.000000e+00  9.373000e-02  3.569230e-03 3.569230e-03 
5.125000e+00  0.000000e+00 0.000000e+00  7.906000e-02  2.985113e-03 2.985113e-03 
5.635000e+00  0.000000e+00 0.000000e+00  6.637000e-02  2.492569e-03 2.492569e-03 
6.185000e+00  0.000000e+00 0.000000e+00  5.656000e-02  2.120424e-03 2.120424e-03 
6.780000e+00  0.000000e+00 0.000000e+00  4.721000e-02  1.768191e-03 1.768191e-03 
7.425000e+00  0.000000e+00 0.000000e+00  3.977000e-02  1.486607e-03 1.486607e-03 
8.120000e+00  0.000000e+00 0.000000e+00  3.251000e-02  1.215936e-03 1.215936e-03 
8.870000e+00  0.000000e+00 0.000000e+00  2.717000e-02  1.014938e-03 1.014938e-03 
9.680000e+00  0.000000e+00 0.000000e+00  2.247000e-02  8.348653e-04 8.348653e-04 
1.055000e+01  0.000000e+00 0.000000e+00  1.859000e-02  6.935416e-04 6.935416e-04 
1.150000e+01  0.000000e+00 0.000000e+00  1.523000e-02  5.731492e-04 5.731492e-04 
1.250000e+01  0.000000e+00 0.000000e+00  1.260000e-02  4.738143e-04 4.738143e-04 
1.355000e+01  0.000000e+00 0.000000e+00  1.046000e-02  3.931921e-04 3.931921e-04 
1.470000e+01  0.000000e+00 0.000000e+00  8.551000e-03  3.206322e-04 3.206322e-04 
1.595000e+01  0.000000e+00 0.000000e+00  7.036000e-03  2.643274e-04 2.643274e-04 
1.730000e+01  0.000000e+00 0.000000e+00  5.759000e-03  2.160926e-04 2.160926e-04 
1.875000e+01  0.000000e+00 0.000000e+00  4.735000e-03  1.777667e-04 1.777667e-04 
2.030000e+01  0.000000e+00 0.000000e+00  3.916000e-03  1.475025e-04 1.475025e-04 
2.195000e+01  0.000000e+00 0.000000e+00  3.200000e-03  1.203536e-04 1.203536e-04 
2.375000e+01  0.000000e+00 0.000000e+00  2.623000e-03  9.914131e-05 9.914131e-05 
2.570000e+01  0.000000e+00 0.000000e+00  2.171000e-03  8.203658e-05 8.203658e-05 
2.775000e+01  0.000000e+00 0.000000e+00  1.799000e-03  6.789698e-05 6.789698e-05 
2.995000e+01  0.000000e+00 0.000000e+00  1.487000e-03  5.671860e-05 5.671860e-05 
3.230000e+01  0.000000e+00 0.000000e+00  1.231000e-03  4.669047e-05 4.669047e-05 
3.480000e+01  0.000000e+00 0.000000e+00  1.012000e-03  3.863936e-05 3.863936e-05 
3.750000e+01  0.000000e+00 0.000000e+00  8.446000e-04  3.226283e-05 3.226283e-05 
4.040000e+01  0.000000e+00 0.000000e+00  6.887000e-04  2.633875e-05 2.633875e-05 
4.350000e+01  0.000000e+00 0.000000e+00  5.681000e-04  2.188881e-05 2.188881e-05 
4.680000e+01  0.000000e+00 0.000000e+00  4.776000e-04  1.846104e-05 1.846104e-05 
5.035000e+01  0.000000e+00 0.000000e+00  3.951000e-04  1.532873e-05 1.532873e-05 
5.415000e+01  0.000000e+00 0.000000e+00  3.245000e-04  1.270945e-05 1.270945e-05 
5.820000e+01  0.000000e+00 0.000000e+00  2.603000e-04  1.026158e-05 1.026158e-05 
6.255000e+01  0.000000e+00 0.000000e+00  2.225000e-04  8.764131e-06 8.764131e-06 
6.725000e+01  0.000000e+00 0.000000e+00  1.813000e-04  7.212489e-06 7.212489e-06 
7.230000e+01  0.000000e+00 0.000000e+00  1.493000e-04  6.008328e-06 6.008328e-06 
7.770000e+01  0.000000e+00 0.000000e+00  1.232000e-04  4.964877e-06 4.964877e-06 
8.350000e+01  0.000000e+00 0.000000e+00  1.025000e-04  4.143670e-06 4.143670e-06 
8.975000e+01  0.000000e+00 0.000000e+00  8.458000e-05  3.476377e-06 3.476377e-06 
9.650000e+01  0.000000e+00 0.000000e+00  6.665000e-05  2.774617e-06 2.774617e-06 
1.040000e+02  0.000000e+00 0.000000e+00  5.725000e-05  2.388493e-06 2.388493e-06 
1.120000e+02  0.000000e+00 0.000000e+00  4.469000e-05  1.905466e-06 1.905466e-06 
1.205000e+02  0.000000e+00 0.000000e+00  3.820000e-05  1.645843e-06 1.645843e-06 
1.300000e+02  0.000000e+00 0.000000e+00  3.059000e-05  1.328345e-06 1.328345e-06 
1.410000e+02  0.000000e+00 0.000000e+00  2.348000e-05  1.033538e-06 1.033538e-06 
1.535000e+02  0.000000e+00 0.000000e+00  1.934000e-05  8.595929e-07 8.595929e-07 
1.675000e+02  0.000000e+00 0.000000e+00  1.566000e-05  7.032780e-07 7.032780e-07 
1.835000e+02  0.000000e+00 0.000000e+00  1.199000e-05  5.522681e-07 5.522681e-07 
2.015000e+02  0.000000e+00 0.000000e+00  9.191000e-06  4.357178e-07 4.357178e-07 
2.220000e+02  0.000000e+00 0.000000e+00  6.880000e-06  3.357261e-07 3.357261e-07 
2.460000e+02  0.000000e+00 0.000000e+00  5.595000e-06  2.766695e-07 2.766695e-07 
2.750000e+02  0.000000e+00 0.000000e+00  3.907000e-06  1.998049e-07 1.998049e-07 
3.105000e+02  0.000000e+00 0.000000e+00  2.757000e-06  1.464923e-07 1.464923e-07 
3.545000e+02  0.000000e+00 0.000000e+00  1.960000e-06  1.078147e-07 1.078147e-07 
4.100000e+02  0.000000e+00 0.000000e+00  1.387000e-06  7.939773e-08 7.939773e-08 
4.830000e+02  0.000000e+00 0.000000e+00  8.397000e-07  5.145338e-08 5.145338e-08 
5.925000e+02  0.000000e+00 0.000000e+00  5.295000e-07  3.368932e-08 3.368932e-08 
7.600000e+02  0.000000e+00 0.000000e+00  2.732000e-07  1.970837e-08 1.970837e-08 
1.030000e+03  0.000000e+00 0.000000e+00  1.146000e-07  9.935794e-09 9.935794e-09 
2.100000e+03  0.000000e+00 0.000000e+00  1.999000e-08  3.338398e-09 3.338398e-09 
