# Data from SSDC cosmic rays database www.ssdc.asi.it 
# File generated today 20241220 
# Errors may contain statistic and systematic depending on the options set when drawing the graph 
# Fluxes are multiplied by a power of Energy (or Rigidity) if the option is set when drawing the graph 
# Horizontal errors usually are not uncertanties of the measurement but correspond to binning. See publication. 
#
# GraphTitle: Ne AMS-02 PRL (2020); 2011-05-19 00:00:00.0,2018-05-26 00:00:00.0; 
# XLabel: rigidity (GV) 
# YLabel: flux ((m^{2} s sr GV)^{-1}) 
#
# Columns: X, XErrorLow, XErrorHigh, Y, YErrorLow, YErrorHigh 
2.275000e+00  0.000000e+00 0.000000e+00  2.371000e-01  1.087796e-02 1.087796e-02 
2.535000e+00  0.000000e+00 0.000000e+00  2.200000e-01  8.967720e-03 8.967720e-03 
2.820000e+00  0.000000e+00 0.000000e+00  1.995000e-01  7.653104e-03 7.653104e-03 
3.130000e+00  0.000000e+00 0.000000e+00  1.800000e-01  6.747592e-03 6.747592e-03 
3.465000e+00  0.000000e+00 0.000000e+00  1.609000e-01  5.941380e-03 5.941380e-03 
3.830000e+00  0.000000e+00 0.000000e+00  1.405000e-01  5.035871e-03 5.035871e-03 
4.225000e+00  0.000000e+00 0.000000e+00  1.210000e-01  4.328972e-03 4.328972e-03 
4.655000e+00  0.000000e+00 0.000000e+00  1.047000e-01  3.721559e-03 3.721559e-03 
5.125000e+00  0.000000e+00 0.000000e+00  8.875000e-02  3.116472e-03 3.116472e-03 
5.635000e+00  0.000000e+00 0.000000e+00  7.490000e-02  2.613982e-03 2.613982e-03 
6.185000e+00  0.000000e+00 0.000000e+00  6.329000e-02  2.202045e-03 2.202045e-03 
6.780000e+00  0.000000e+00 0.000000e+00  5.279000e-02  1.829891e-03 1.829891e-03 
7.425000e+00  0.000000e+00 0.000000e+00  4.341000e-02  1.507481e-03 1.507481e-03 
8.120000e+00  0.000000e+00 0.000000e+00  3.622000e-02  1.256742e-03 1.256742e-03 
8.870000e+00  0.000000e+00 0.000000e+00  3.017000e-02  1.045801e-03 1.045801e-03 
9.680000e+00  0.000000e+00 0.000000e+00  2.449000e-02  8.448077e-04 8.448077e-04 
1.055000e+01  0.000000e+00 0.000000e+00  2.013000e-02  6.946222e-04 6.946222e-04 
1.150000e+01  0.000000e+00 0.000000e+00  1.653000e-02  5.742822e-04 5.742822e-04 
1.250000e+01  0.000000e+00 0.000000e+00  1.339000e-02  4.638965e-04 4.638965e-04 
1.355000e+01  0.000000e+00 0.000000e+00  1.108000e-02  3.832754e-04 3.832754e-04 
1.470000e+01  0.000000e+00 0.000000e+00  9.052000e-03  3.148142e-04 3.148142e-04 
1.595000e+01  0.000000e+00 0.000000e+00  7.356000e-03  2.565385e-04 2.565385e-04 
1.730000e+01  0.000000e+00 0.000000e+00  6.074000e-03  2.122758e-04 2.122758e-04 
1.875000e+01  0.000000e+00 0.000000e+00  4.997000e-03  1.739540e-04 1.739540e-04 
2.030000e+01  0.000000e+00 0.000000e+00  4.047000e-03  1.417180e-04 1.417180e-04 
2.195000e+01  0.000000e+00 0.000000e+00  3.341000e-03  1.173882e-04 1.173882e-04 
2.375000e+01  0.000000e+00 0.000000e+00  2.760000e-03  9.617692e-05 9.617692e-05 
2.570000e+01  0.000000e+00 0.000000e+00  2.237000e-03  7.808969e-05 7.808969e-05 
2.775000e+01  0.000000e+00 0.000000e+00  1.845000e-03  6.493843e-05 6.493843e-05 
2.995000e+01  0.000000e+00 0.000000e+00  1.486000e-03  5.277310e-05 5.277310e-05 
3.230000e+01  0.000000e+00 0.000000e+00  1.226000e-03  4.373786e-05 4.373786e-05 
3.480000e+01  0.000000e+00 0.000000e+00  1.019000e-03  3.569314e-05 3.569314e-05 
3.750000e+01  0.000000e+00 0.000000e+00  8.259000e-04  2.941836e-05 2.941836e-05 
4.040000e+01  0.000000e+00 0.000000e+00  6.901000e-04  2.467590e-05 2.467590e-05 
4.350000e+01  0.000000e+00 0.000000e+00  5.668000e-04  2.032732e-05 2.032732e-05 
4.680000e+01  0.000000e+00 0.000000e+00  4.627000e-04  1.668652e-05 1.668652e-05 
5.035000e+01  0.000000e+00 0.000000e+00  3.830000e-04  1.384955e-05 1.384955e-05 
5.415000e+01  0.000000e+00 0.000000e+00  3.163000e-04  1.152476e-05 1.152476e-05 
5.820000e+01  0.000000e+00 0.000000e+00  2.582000e-04  9.492102e-06 9.492102e-06 
6.255000e+01  0.000000e+00 0.000000e+00  2.104000e-04  7.779460e-06 7.779460e-06 
6.725000e+01  0.000000e+00 0.000000e+00  1.746000e-04  6.545991e-06 6.545991e-06 
7.230000e+01  0.000000e+00 0.000000e+00  1.429000e-04  5.314132e-06 5.314132e-06 
7.770000e+01  0.000000e+00 0.000000e+00  1.185000e-04  4.494441e-06 4.494441e-06 
8.350000e+01  0.000000e+00 0.000000e+00  9.599000e-05  3.669387e-06 3.669387e-06 
8.975000e+01  0.000000e+00 0.000000e+00  7.880000e-05  3.046309e-06 3.046309e-06 
9.650000e+01  0.000000e+00 0.000000e+00  6.402000e-05  2.505993e-06 2.505993e-06 
1.040000e+02  0.000000e+00 0.000000e+00  5.217000e-05  2.057669e-06 2.057669e-06 
1.120000e+02  0.000000e+00 0.000000e+00  4.183000e-05  1.686476e-06 1.686476e-06 
1.205000e+02  0.000000e+00 0.000000e+00  3.520000e-05  1.431782e-06 1.431782e-06 
1.300000e+02  0.000000e+00 0.000000e+00  2.825000e-05  1.164689e-06 1.164689e-06 
1.410000e+02  0.000000e+00 0.000000e+00  2.327000e-05  9.588013e-07 9.588013e-07 
1.535000e+02  0.000000e+00 0.000000e+00  1.749000e-05  7.462573e-07 7.462573e-07 
1.675000e+02  0.000000e+00 0.000000e+00  1.354000e-05  5.907622e-07 5.907622e-07 
1.835000e+02  0.000000e+00 0.000000e+00  1.069000e-05  4.743416e-07 4.743416e-07 
2.015000e+02  0.000000e+00 0.000000e+00  8.396000e-06  3.808005e-07 3.808005e-07 
2.220000e+02  0.000000e+00 0.000000e+00  6.460000e-06  3.004863e-07 3.004863e-07 
2.460000e+02  0.000000e+00 0.000000e+00  5.000000e-06  2.373942e-07 2.373942e-07 
2.750000e+02  0.000000e+00 0.000000e+00  3.527000e-06  1.736577e-07 1.736577e-07 
3.105000e+02  0.000000e+00 0.000000e+00  2.643000e-06  1.331240e-07 1.331240e-07 
3.545000e+02  0.000000e+00 0.000000e+00  1.885000e-06  9.835141e-08 9.835141e-08 
4.100000e+02  0.000000e+00 0.000000e+00  1.248000e-06  6.929646e-08 6.929646e-08 
4.830000e+02  0.000000e+00 0.000000e+00  8.288000e-07  4.808347e-08 4.808347e-08 
5.925000e+02  0.000000e+00 0.000000e+00  4.684000e-07  2.878003e-08 2.878003e-08 
7.600000e+02  0.000000e+00 0.000000e+00  2.419000e-07  1.690000e-08 1.690000e-08 
1.030000e+03  0.000000e+00 0.000000e+00  1.187000e-07  9.552487e-09 9.552487e-09 
2.100000e+03  0.000000e+00 0.000000e+00  2.791000e-08  3.907173e-09 3.907173e-09 
