# Data from SSDC cosmic rays database www.ssdc.asi.it 
# File generated today 20241220 
# Errors may contain statistic and systematic depending on the options set when drawing the graph 
# Fluxes are multiplied by a power of Energy (or Rigidity) if the option is set when drawing the graph 
# Horizontal errors usually are not uncertanties of the measurement but correspond to binning. See publication. 
#
# GraphTitle: Na AMS-02 Phys. Rev. Lett (2021); 2011-05-19 00:00:00.0,2019-10-30 00:00:00.0; 
# XLabel: rigidity (GV) 
# YLabel: flux ((m^{2} s sr GV)^{-1}) 
#
# Columns: X, XErrorLow, XErrorHigh, Y, YErrorLow, YErrorHigh 
2.275000e+00  0.000000e+00 0.000000e+00  5.340000e-02  3.114482e-03 3.114482e-03 
2.535000e+00  0.000000e+00 0.000000e+00  5.050000e-02  2.351616e-03 2.351616e-03 
2.820000e+00  0.000000e+00 0.000000e+00  4.620000e-02  1.992636e-03 1.992636e-03 
3.130000e+00  0.000000e+00 0.000000e+00  4.060000e-02  1.706283e-03 1.706283e-03 
3.465000e+00  0.000000e+00 0.000000e+00  3.620000e-02  1.498332e-03 1.498332e-03 
3.830000e+00  0.000000e+00 0.000000e+00  3.080000e-02  1.263012e-03 1.263012e-03 
4.225000e+00  0.000000e+00 0.000000e+00  2.630000e-02  1.068878e-03 1.068878e-03 
4.655000e+00  0.000000e+00 0.000000e+00  2.210000e-02  8.944272e-04 8.944272e-04 
5.125000e+00  0.000000e+00 0.000000e+00  1.820000e-02  7.316420e-04 7.316420e-04 
5.635000e+00  0.000000e+00 0.000000e+00  1.500000e-02  6.001666e-04 6.001666e-04 
6.185000e+00  0.000000e+00 0.000000e+00  1.220000e-02  4.883646e-04 4.883646e-04 
6.780000e+00  0.000000e+00 0.000000e+00  9.910000e-03  3.930293e-04 3.930293e-04 
7.425000e+00  0.000000e+00 0.000000e+00  8.050000e-03  3.186989e-04 3.186989e-04 
8.120000e+00  0.000000e+00 0.000000e+00  6.760000e-03  2.667283e-04 2.667283e-04 
8.870000e+00  0.000000e+00 0.000000e+00  5.400000e-03  2.129836e-04 2.129836e-04 
9.680000e+00  0.000000e+00 0.000000e+00  4.310000e-03  1.696496e-04 1.696496e-04 
1.055000e+01  0.000000e+00 0.000000e+00  3.460000e-03  1.363415e-04 1.363415e-04 
1.150000e+01  0.000000e+00 0.000000e+00  2.790000e-03  1.098818e-04 1.098818e-04 
1.250000e+01  0.000000e+00 0.000000e+00  2.340000e-03  9.264988e-05 9.264988e-05 
1.355000e+01  0.000000e+00 0.000000e+00  1.850000e-03  7.349830e-05 7.349830e-05 
1.470000e+01  0.000000e+00 0.000000e+00  1.510000e-03  6.016644e-05 6.016644e-05 
1.595000e+01  0.000000e+00 0.000000e+00  1.200000e-03  4.780167e-05 4.780167e-05 
1.730000e+01  0.000000e+00 0.000000e+00  9.650000e-04  3.856229e-05 3.856229e-05 
1.875000e+01  0.000000e+00 0.000000e+00  7.930000e-04  3.184980e-05 3.184980e-05 
2.030000e+01  0.000000e+00 0.000000e+00  6.420000e-04  2.586813e-05 2.586813e-05 
2.195000e+01  0.000000e+00 0.000000e+00  5.100000e-04  2.068139e-05 2.068139e-05 
2.375000e+01  0.000000e+00 0.000000e+00  4.180000e-04  1.698146e-05 1.698146e-05 
2.570000e+01  0.000000e+00 0.000000e+00  3.350000e-04  1.366236e-05 1.366236e-05 
2.775000e+01  0.000000e+00 0.000000e+00  2.700000e-04  1.107249e-05 1.107249e-05 
3.115000e+01  0.000000e+00 0.000000e+00  1.970000e-04  7.884795e-06 7.884795e-06 
3.620000e+01  0.000000e+00 0.000000e+00  1.270000e-04  5.124451e-06 5.124451e-06 
4.200000e+01  0.000000e+00 0.000000e+00  8.670000e-05  3.573933e-06 3.573933e-06 
4.865000e+01  0.000000e+00 0.000000e+00  5.600000e-05  2.363937e-06 2.363937e-06 
5.625000e+01  0.000000e+00 0.000000e+00  3.740000e-05  1.623884e-06 1.623884e-06 
6.500000e+01  0.000000e+00 0.000000e+00  2.440000e-05  1.087060e-06 1.087060e-06 
7.510000e+01  0.000000e+00 0.000000e+00  1.580000e-05  7.409453e-07 7.409453e-07 
8.675000e+01  0.000000e+00 0.000000e+00  1.050000e-05  5.103920e-07 5.103920e-07 
1.005000e+02  0.000000e+00 0.000000e+00  6.980000e-06  3.550352e-07 3.550352e-07 
1.165000e+02  0.000000e+00 0.000000e+00  4.360000e-06  2.392697e-07 2.392697e-07 
1.360000e+02  0.000000e+00 0.000000e+00  2.840000e-06  1.626407e-07 1.626407e-07 
1.610000e+02  0.000000e+00 0.000000e+00  1.780000e-06  1.083005e-07 1.083005e-07 
1.930000e+02  0.000000e+00 0.000000e+00  9.970000e-07  6.732681e-08 6.732681e-08 
2.350000e+02  0.000000e+00 0.000000e+00  5.560000e-07  4.161730e-08 4.161730e-08 
2.945000e+02  0.000000e+00 0.000000e+00  2.970000e-07  2.449102e-08 2.449102e-08 
3.855000e+02  0.000000e+00 0.000000e+00  1.380000e-07  1.310267e-08 1.310267e-08 
5.505000e+02  0.000000e+00 0.000000e+00  4.720000e-08  5.448679e-09 5.448679e-09 
9.300000e+02  0.000000e+00 0.000000e+00  1.240000e-08  1.900000e-09 1.900000e-09 
2.100000e+03  0.000000e+00 0.000000e+00  1.130000e-09  6.453681e-10 6.453681e-10 
