# Data from SSDC cosmic rays database www.ssdc.asi.it 
# File generated today 20241220 
# Errors may contain statistic and systematic depending on the options set when drawing the graph 
# Fluxes are multiplied by a power of Energy (or Rigidity) if the option is set when drawing the graph 
# Horizontal errors usually are not uncertanties of the measurement but correspond to binning. See publication. 
#
# GraphTitle: Mg AMS-02 PRL (2020); 2011-05-19 00:00:00.0,2018-05-26 00:00:00.0; 
# XLabel: rigidity (GV) 
# YLabel: flux ((m^{2} s sr GV)^{-1}) 
#
# Columns: X, XErrorLow, XErrorHigh, Y, YErrorLow, YErrorHigh 
2.275000e+00  0.000000e+00 0.000000e+00  3.081000e-01  1.328495e-02 1.328495e-02 
2.535000e+00  0.000000e+00 0.000000e+00  2.808000e-01  1.156244e-02 1.156244e-02 
2.820000e+00  0.000000e+00 0.000000e+00  2.492000e-01  9.950377e-03 9.950377e-03 
3.130000e+00  0.000000e+00 0.000000e+00  2.193000e-01  8.448077e-03 8.448077e-03 
3.465000e+00  0.000000e+00 0.000000e+00  1.951000e-01  7.333485e-03 7.333485e-03 
3.830000e+00  0.000000e+00 0.000000e+00  1.692000e-01  6.328507e-03 6.328507e-03 
4.225000e+00  0.000000e+00 0.000000e+00  1.462000e-01  5.323533e-03 5.323533e-03 
4.655000e+00  0.000000e+00 0.000000e+00  1.251000e-01  4.517743e-03 4.517743e-03 
5.125000e+00  0.000000e+00 0.000000e+00  1.070000e-01  3.811824e-03 3.811824e-03 
5.635000e+00  0.000000e+00 0.000000e+00  9.028000e-02  3.242992e-03 3.242992e-03 
6.185000e+00  0.000000e+00 0.000000e+00  7.503000e-02  2.690725e-03 2.690725e-03 
6.780000e+00  0.000000e+00 0.000000e+00  6.266000e-02  2.238951e-03 2.238951e-03 
7.425000e+00  0.000000e+00 0.000000e+00  5.204000e-02  1.856906e-03 1.856906e-03 
8.120000e+00  0.000000e+00 0.000000e+00  4.307000e-02  1.536392e-03 1.536392e-03 
8.870000e+00  0.000000e+00 0.000000e+00  3.546000e-02  1.264792e-03 1.264792e-03 
9.680000e+00  0.000000e+00 0.000000e+00  2.914000e-02  1.034843e-03 1.034843e-03 
1.055000e+01  0.000000e+00 0.000000e+00  2.402000e-02  8.537564e-04 8.537564e-04 
1.150000e+01  0.000000e+00 0.000000e+00  1.953000e-02  6.935416e-04 6.935416e-04 
1.250000e+01  0.000000e+00 0.000000e+00  1.602000e-02  5.731492e-04 5.731492e-04 
1.355000e+01  0.000000e+00 0.000000e+00  1.320000e-02  4.726521e-04 4.726521e-04 
1.470000e+01  0.000000e+00 0.000000e+00  1.091000e-02  3.931921e-04 3.931921e-04 
1.595000e+01  0.000000e+00 0.000000e+00  8.924000e-03  3.193900e-04 3.193900e-04 
1.730000e+01  0.000000e+00 0.000000e+00  7.279000e-03  2.601019e-04 2.601019e-04 
1.875000e+01  0.000000e+00 0.000000e+00  5.992000e-03  2.148325e-04 2.148325e-04 
2.030000e+01  0.000000e+00 0.000000e+00  4.872000e-03  1.746568e-04 1.746568e-04 
2.195000e+01  0.000000e+00 0.000000e+00  3.984000e-03  1.434015e-04 1.434015e-04 
2.375000e+01  0.000000e+00 0.000000e+00  3.259000e-03  1.170982e-04 1.170982e-04 
2.570000e+01  0.000000e+00 0.000000e+00  2.665000e-03  9.602604e-05 9.602604e-05 
2.775000e+01  0.000000e+00 0.000000e+00  2.189000e-03  7.891768e-05 7.891768e-05 
2.995000e+01  0.000000e+00 0.000000e+00  1.809000e-03  6.576473e-05 6.576473e-05 
3.230000e+01  0.000000e+00 0.000000e+00  1.488000e-03  5.375872e-05 5.375872e-05 
3.480000e+01  0.000000e+00 0.000000e+00  1.225000e-03  4.455334e-05 4.455334e-05 
3.750000e+01  0.000000e+00 0.000000e+00  1.004000e-03  3.649658e-05 3.649658e-05 
4.040000e+01  0.000000e+00 0.000000e+00  8.113000e-04  2.963393e-05 2.963393e-05 
4.350000e+01  0.000000e+00 0.000000e+00  6.826000e-04  2.510299e-05 2.510299e-05 
4.680000e+01  0.000000e+00 0.000000e+00  5.534000e-04  2.035927e-05 2.035927e-05 
5.035000e+01  0.000000e+00 0.000000e+00  4.567000e-04  1.693192e-05 1.693192e-05 
5.415000e+01  0.000000e+00 0.000000e+00  3.752000e-04  1.399464e-05 1.399464e-05 
5.820000e+01  0.000000e+00 0.000000e+00  3.096000e-04  1.156936e-05 1.156936e-05 
6.255000e+01  0.000000e+00 0.000000e+00  2.532000e-04  9.560335e-06 9.560335e-06 
6.725000e+01  0.000000e+00 0.000000e+00  2.076000e-04  7.912016e-06 7.912016e-06 
7.230000e+01  0.000000e+00 0.000000e+00  1.714000e-04  6.580274e-06 6.580274e-06 
7.770000e+01  0.000000e+00 0.000000e+00  1.369000e-04  5.281098e-06 5.281098e-06 
8.350000e+01  0.000000e+00 0.000000e+00  1.157000e-04  4.459821e-06 4.459821e-06 
8.975000e+01  0.000000e+00 0.000000e+00  9.427000e-05  3.692655e-06 3.692655e-06 
9.650000e+01  0.000000e+00 0.000000e+00  7.783000e-05  3.075142e-06 3.075142e-06 
1.040000e+02  0.000000e+00 0.000000e+00  6.223000e-05  2.479234e-06 2.479234e-06 
1.120000e+02  0.000000e+00 0.000000e+00  5.199000e-05  2.103806e-06 2.103806e-06 
1.205000e+02  0.000000e+00 0.000000e+00  4.263000e-05  1.735655e-06 1.735655e-06 
1.300000e+02  0.000000e+00 0.000000e+00  3.465000e-05  1.426639e-06 1.426639e-06 
1.410000e+02  0.000000e+00 0.000000e+00  2.736000e-05  1.131459e-06 1.131459e-06 
1.535000e+02  0.000000e+00 0.000000e+00  2.154000e-05  9.130170e-07 9.130170e-07 
1.675000e+02  0.000000e+00 0.000000e+00  1.673000e-05  7.169379e-07 7.169379e-07 
1.835000e+02  0.000000e+00 0.000000e+00  1.295000e-05  5.660389e-07 5.660389e-07 
2.015000e+02  0.000000e+00 0.000000e+00  1.025000e-05  4.632494e-07 4.632494e-07 
2.220000e+02  0.000000e+00 0.000000e+00  7.857000e-06  3.597471e-07 3.597471e-07 
2.460000e+02  0.000000e+00 0.000000e+00  5.952000e-06  2.788781e-07 2.788781e-07 
2.750000e+02  0.000000e+00 0.000000e+00  4.305000e-06  2.078004e-07 2.078004e-07 
3.105000e+02  0.000000e+00 0.000000e+00  3.247000e-06  1.604151e-07 1.604151e-07 
3.545000e+02  0.000000e+00 0.000000e+00  2.179000e-06  1.129292e-07 1.129292e-07 
4.100000e+02  0.000000e+00 0.000000e+00  1.416000e-06  7.723341e-08 7.723341e-08 
4.830000e+02  0.000000e+00 0.000000e+00  9.378000e-07  5.403786e-08 5.403786e-08 
5.925000e+02  0.000000e+00 0.000000e+00  6.083000e-07  3.632699e-08 3.632699e-08 
7.600000e+02  0.000000e+00 0.000000e+00  2.841000e-07  1.970837e-08 1.970837e-08 
1.030000e+03  0.000000e+00 0.000000e+00  1.385000e-07  1.126144e-08 1.126144e-08 
2.100000e+03  0.000000e+00 0.000000e+00  2.529000e-08  3.768302e-09 3.768302e-09 
